Page ID,Page name,Disclaimer,Amount spent (USD)
340577086006224,CRI German,These ads ran without a disclaimer,≤100